7:34998,87894,74494,60130,55600,96754,111826,102581,44319,88088
18:58420,94965,84343,45205,71826,15833,81593,25381,76667,47546
19:
36:24914,34998,87894,43297,96754,55600,119467,60130,102581,44319
37:34998,87894,74494,43297,108128,119467,96754,55600,102581,44319
41:24914,34998,87894,28506,43297,55600,60130,96754,102581,44319
42:24914,87894,74494,43297,60130,96754,55600,102581,44319,104610
43:28506,60130,44319,121272,113426,80204,100049,73963,5148,101082
44:24914,34998,87894,74494,43297,108128,96754,60130,55600,111826
45:10684,62724,65380,75478,8464,86383,93651,90707,103741,9394
46:24914,34998,87894,28506,74494,43297,108128,96754,55600,60130
59:24914,34998,87894,28506,74494,43297,55600,60130,96754,111826
60:34998,87894,28506,74494,43297,108128,60130,111826,96754,102581
69:24914,34998,87894,28506,74494,43297,108128,96754,60130,55600
70:100110,74650,113733,84035,15503,80972,66870,113328,93092,37924
94:24914,34998,87894,28506,74494,43297,96754,60130,55600,111826
106:24914,84151,34998,87894,28506,74494,7483,43297,108128,60130
115:24914,84151,34998,87894,28506,74494,43297,108128,96754,60130
116:66235,23311,59652,1632,96754,102581,98906,70170,120651,108310
142:24914,84151,34998,87894,28506,74494,43297,108128,96754,60130
143:31310,17,120713,84,16523,486,62,114,4252,1955
148:115959,93484,47149,99804,70170,63567,72460,76914,64775,79871
150:84151,87894,74494,43297,96754,102581,44319,88088,85365,100182
156:34998,87894,74494,43297,55600,60130,111826,96754,102581,44319
161:24914,34998,87894,74494,43297,108128,60130,55600,96754,111826
171:24914,34998,87894,74494,43297,96754,60130,111826,102581,44319
172:34998,87894,74494,43297,108128,96754,60130,111826,102581,44319
174:16248,6503,947,718,41159,2789,1348,17,8964,74620
177:87894,60130,96754,102581,44319,91308,121272,73963,120830,81573
196:34998,81316,87894,28506,74494,43297,96754,55600,60130,111826
202:24914,84151,34998,81316,87894,28506,74494,43297,108128,60130
211:28506,60130,46056,119467,55600,90671,111826,96754,102581,52966
217:28506,43297,55600,44319,75216,91308,121272,54858,105935,73963
220:93455,58456,91741,62718,38292,11332,46819,57362,28629,8171
223:44287,35398,77768,83543,10335,51148,17204,87277,90233,24914
224:49066,60843,102171,28121,112946,62485,29640,53416,53301,46066
225:34998,87894,108128,60130,96754,55600,111826,102581,44319,88088
228:35398,58808,17239,105510,83543,3462,17204,111172,58597,29691
229:44287,35398,58808,91652,105510,77768,113718,83543,10335,3462
231:24914,34998,87894,28506,108128,60130,111826,96754,44319,88088
232:83516,63448,28540,10236,7258,50621,123227,103819,75577,55056
238:69304,58691,108175,113350,105183,108888,43289,29646,121624,66333
241:66870,58022,66516,83228,22539,24573,44319,88088,4612,112131
245:3137,8826,780,30033,2525,81,4347,10805,3939,41713
249:87894,96754,102581,44319,104610,75216,100182,91308,121272,54858
250:24914,84151,34998,87894,74494,108128,96754,60130,55600,111826
253:23311,1632,60130,96370,96754,102581,98906,77993,122415,107697
257:24914,84151,34998,87894,74494,43297,108128,96754,60130,55600
272:34998,87894,60130,55600,111826,96754,102581,44319,88088,85365
273:34998,87894,74494,43297,108128,60130,55600,96754,44319,75216
288:24914,34998,87894,74494,43297,96754,60130,55600,102581,44319
290:24914,28506,60130,55600,96754,44319,75216,100182,94010,116698
291:87894,43297,60130,55600,44319,100182,121272,54858,100049,73963
292:24914,34998,87894,74494,43297,108128,60130,96754,55600,111826
294:24914,34998,87894,74494,43297,108128,60130,96754,55600,102581
328:34998,87894,60130,111826,44319,88088,85365,75216,100182,91308
331:34998,74494,7483,79473,49159,651,96754,102581,44319,100182
345:45975,62840,39936,11401,120518,92129,80736,5726,100590,77581
361:34998,87894,74494,60130,96754,55600,111826,102581,44319,88088
376:66870,66516,83228,34829,44319,64494,80457,121272,71419,11306
384:24914,43297,96754,55600,119467,44319,104610,75216,100182,61741
401:24914,84151,34998,87894,74494,43297,108128,60130,55600,119467
402:100110,74650,113733,84035,15503,80972,66870,113328,93092,37924
410:118940,55525,37366,43744,13813,84872,52360,15209,24972,119524
448:84151,34998,87894,74494,43297,96754,55600,60130,111826,102581
449:66682,35398,58808,17239,91652,73866,77768,35692,10335,118830
450:24914,84151,34998,87894,28506,74494,7483,43297,108128,96754
452:14040,36934,682,25019,55263,76693,112586,37694,56217,86930
476:100182,36297,107934,77165,116698,71419,12789,50752,66232,82501
488:66870,58022,101286,66516,83228,41140,44319,88088,4612,112131
490:24914,34998,87894,28506,74494,7483,43297,96754,60130,55600
494:84151,34998,87894,74494,108128,96754,60130,55600,102581,44319
500:43297,60130,44319,100182,120830,61335,20028,100725,76176,79372
514:35398,73866,100792,3462,17204,58420,38537,99427,84525,111307
525:84151,34998,87894,28506,43297,60130,55600,111826,96754,102581
535:24914,34998,87894,74494,7483,43297,96754,60130,55600,102581
536:24914,34998,87894,28506,60130,55600,111826,102581,44319,88088
538:115959,93484,18396,119666,47149,79111,99804,31652,70170,63567
539:24914,84151,87894,74494,43297,108128,60130,96754,55600,102581
564:34998,87894,28506,74494,43297,96754,119467,60130,111826,102581
582:34998,87894,74494,43297,108128,96754,60130,55600,111826,102581
585:58808,91652,17204,87277,90233,24914,18614,38537,99427,1967
590:34998,87894,74494,43297,60130,96754,55600,111826,102581,44319
601:31717,75023,90054,69110,27912,118676,121234,48912,121660,105155
618:105510,51148,41860,58420,38537,99427,29944,111307,1967,95577
624:93484,18396,119666,79111,99804,31652,70170,76914,64775,122958
627:93494,45907,69037,51993,513,6162,81978,19731,19852,77531
628:947,3855,17,1119,326,908,5655,285,466,100615
632:26824,112722,104322,106624,63779,97760,23311,36155,1632,115363
633:34998,87894,74494,60130,96754,55600,111826,44319,88088,85365
634:115322,118536,16516,37976,77957,109442,96122,75704,120909,111768
646:121079,35398,58808,48165,17239,48488,73866,105510,83543,3462
666:65016,63171,73679,120291,111993,90816,27643,10633,84337,36084
667:44319,4612,64494,98906,71419,11306,38466,91308,94010,73366
669:122516,85666,94872,71703,16439,66767,74425,34298,14947,77369
678:34998,87894,74494,60130,102581,44319,75216,100182,121272,54858
680:84151,87894,43297,96754,60130,102581,44319,88088,85365,100182
681:93484,18396,119666,47149,79111,99804,31652,70170,76914,64775
682:68344,32694,51157,108295,115352,15209,52360,55525,43744,84872
683:71448,112536,97127,49996,50641,116723,112287,74504,3479,17495
684:104651,66235,49882,93280,59802,37986,22009,90365,53372,26597
715:65016,15689,79569,70613,114111,70141,101827,72609,77014,95914
716:58808,17204,90233,38710,18614,85907,38537,115936,55944,75865
741:15209,24972,94247,85103,37986,110772,116043,68953,39999,57282
750:24914,34998,87894,28506,74494,43297,108128,96754,55600,60130
754:44287,35398,58808,77768,113718,83543,10335,3462,51148,17204
756:34998,87894,74494,43297,96754,60130,55600,111826,102581,44319
757:93156,60281,26018,12642,104695,90587,23823,37103,106148,120731
758:24914,108128,96754,44319,94010,113426,100049,120830,109798,9825
763:84151,34998,87894,74494,43297,96754,60130,102581,44319,88088
773:60130,70170,45510,27997,51019,35583,56648,9869,32778,15019
774:44287,58808,109645,105510,77768,35692,83543,35742,10335,51148
775:24914,34998,87894,28506,74494,7483,43297,108128,96754,55600
782:34998,87894,28506,43297,108128,96754,55600,60130,119467,111826
784:15503,66870,58022,66516,83228,22539,95955,44319,88088,4612
793:24914,34998,87894,28506,43297,108128,60130,96754,55600,111826
803:43297,55600,60130,102581,44319,121272,54858,94010,103366,105935
813:44287,58808,91652,83543,10335,118830,17204,87277,90233,111172
815:34998,81316,87894,74494,43297,108128,60130,96754,111826,44319
817:34998,87894,74494,108128,651,48335,60130,96754,55600,111826
818:52360,15209,94247,22009,123146,85103,33992,37986,39439,116043
823:69330,65778,31149,113350,29870,41004,100182,75216,7567,68910
825:24914,84151,34998,87894,28506,74494,43297,96754,55600,60130
833:24914,34998,87894,28506,74494,43297,108128,96754,60130,55600
835:34998,87894,28506,74494,43297,60130,55600,111826,96754,44319
838:69558,65016,46013,45281,33629,40376,78564,113566,41031,99349
844:34998,87894,74494,7483,108128,60130,96754,55600,111826,102581
850:38537,76082,6747,84343,3238,94831,101035,34613,6934,117842
856:24914,84151,34998,87894,28506,74494,7483,43297,108128,96754
857:34998,87894,74494,43297,96754,60130,111826,102581,44319,88088
874:24914,33779,84151,34998,87894,28506,74494,7483,43297,108128
891:38537,83543,42640,39647,76082,116583,50661,122279,31603,47546
899:24914,34998,87894,74494,43297,96754,119467,60130,55600,44319
900:6503,1127,102581,9846,947,121272,8113,73963,120830,3855
911:83543,51148,87277,90233,38710,38537,87946,99427,29944,84525
918:66870,58022,66516,83228,44319,88088,4612,2212,64494,80457
925:24914,44319,100182,121272,113426,100049,73963,5148,26660,80204
926:34998,87894,74494,43297,60130,96754,111826,102581,44319,88088
937:34998,87894,28506,74494,43297,60130,55600,96754,111826,102581
949:
964:28506,60130,44319,104610,75216,100182,91308,121272,54858,51600
970:6503,1127,947,718,1348,17,1119,2061,3514,908
977:84151,34998,87894,28506,74494,43297,108128,96754,60130,55600
981:69304,108175,105183,29646,121624,66333,19794,35347,95141,113269
982:119467,55600,44319,104610,75216,100182,61741,121272,54858,94010
984:66870,58022,66516,83228,5571,44319,3044,64494,98906,121272
992:108175,113350,105183,48759,29646,121624,66333,19794,48389,82733
993:34998,87894,28506,43297,108128,60130,55600,111826,96754,102581
998:24914,34998,87894,28506,43297,55600,60130,96754,44319,104610
1000:24914,84151,34998,87894,28506,74494,7483,43297,108128,96754
1007:91652,83543,35742,17204,95790,90233,38710,111172,41860,58420
1027:115352,52360,15209,24972,94247,22009,123146,85103,37986,39439
1028:66870,66516,83228,44319,88088,112131,64494,98906,121272,22508
1044:34998,87894,28506,60130,44319,75216,100182,94010,51600,81573
1045:34998,87894,74494,7483,108128,96754,60130,102581,44319,100182
1049:26824,71568,100482,76246,104322,62845,27501,110300,57773,98291
1068:100110,74650,113733,84035,15503,80972,66870,113328,93092,37924
1069:34998,87894,28506,74494,43297,108128,96754,60130,55600,111826
1070:34998,87894,28506,74494,43297,60130,96754,55600,102581,44319
1082:24914,84151,34998,87894,74494,43297,96754,60130,55600,111826
1083:3888,71491,45686,1034,16272,2668,12442,10288,62335,30459
1088:84151,34998,28506,74494,43297,55600,96754,102581,44319,88088
1094:84151,34998,87894,28506,74494,43297,108128,55600,60130,96754
1116:24914,34998,87894,60130,111826,44319,88088,85365,104610,75216
1121:87371,110804,75450,6715,109876,108648,11017,5261,29192,32362
1125:34998,87894,28506,74494,43297,108128,96754,60130,55600,111826
1127:87894,74494,96754,102581,44319,75216,100182,91308,121272,54858
1132:74494,43297,55600,96754,44319,104610,100182,54858,94010,113426
1133:69304,58691,108175,113350,105183,48759,108888,34998,29646,121624
1140:34998,87894,74494,43297,108128,96754,60130,111826,102581,44319
1141:17204,38537,115936,121360,74095,42944,54172,37224,80374,57870
1148:100110,74650,113733,84035,15503,80972,66870,113328,93092,37924
1153:87894,28506,122967,74494,33482,43297,60130,55600,96754,102581
1163:
1166:22947,83543,118830,17204,95790,90233,86836,58420,38537,99427
1172:87894,108128,96754,44319,75216,100182,91308,121272,54858,94010
1192:24914,34998,87894,74494,43297,96754,60130,55600,102581,44319
1204:36155,6503,87894,67334,1127,13645,9846,18568,947,35746
1208:60130,35837,45510,93794,27997,104322,51019,35583,56648,9869
1209:87243,60281,109655,118549,122617,77348,67854,25378,42950,19366
1234:87243,119380,88201,93156,60281,74983,69471,109655,104315,12642
1236:94010,113426,105935,36297,79473,49159,50752,95362,19488,117559
1245:34998,87894,60130,111826,44319,88088,85365,104610,75216,100182
1263:44287,58808,83543,10335,51148,90233,38710,18614,85907,41860
1267:34998,87894,60130,111826,44319,88088,85365,75216,100182,91308
1269:59252,112722,63584,21958,65738,68561,44242,41257,15019,38075
1288:90765,73373,109653,107253,73567,3458,12993,121298,34083,95607
1295:66870,66516,83228,22539,44319,88088,4612,112131,3044,64494
1296:34998,87894,28506,74494,96754,102581,44319,100182,121272,54858
1302:34998,87894,43297,96754,60130,44319,75216,100182,121272,54858
1305:34998,74494,60130,96754,102581,44319,104610,75216,100182,94010
1342:87894,43297,60130,55600,44319,100182,121272,54858,100049,73963
1382:24914,74494,43297,55600,119467,96754,102581,44319,104610,75216
1389:2789,1119,1871,787,518,616,61636,1372,1462,58
1391:38549,84296,75086,24758,85290,70518,70612,99492,55570,104871
1397:37986,85812,17928,48541,52857,22533,14622,82330,64059,21451
1402:24914,34998,87894,28506,74494,43297,60130,96754,111826,102581
1405:92558,96890,24722,4697
1407:1127,947,8113,3855,718,2789,1348,17,101911,19550
1408:84151,87894,43297,60130,46056,55600,102581,44319,88088,85365
1409:24914,84151,34998,87894,28506,74494,43297,108128,55600,60130
1412:34998,39647,76082,6747,31603,102619,86615,9543,101035,6934
1413:24914,84151,34998,87894,28506,74494,43297,108128,60130,96754
1418:24914,34998,87894,28506,74494,43297,60130,55600,96754,111826
1419:115959,93484,99804,70170,22479,24462,53435,97904,517,32929
1420:34998,87894,60130,55600,96754,111826,102581,44319,88088,85365
1427:35398,58808,91652,105510,77768,83543,10335,3462,17204,51148
1430:74494,44319,100182,54858,94010,113426,100049,82943,120830,116698
1431:34998,87894,74494,108128,60130,111826,96754,102581,44319,88088
1435:24914,34998,87894,28506,74494,43297,108128,96754,55600,60130
1437:87243,119380,62470,88201,60281,35020,67854,73973,19366,102308
1441:111293,52711,30328,99349,94001,110510,111336,17956,36790,67537
1447:24914,28506,74494,43297,55600,96754,44319,104610,75216,100182
1448:120651,108310,24104,97760,27997,15019,113704,61405,53430,109118
1457:24914,28506,44319,101082,36297,80204,116698,71419,40971,95362
1458:24914,34998,87894,28506,74494,7483,43297,108128,96754,55600
1469:34998,87894,28506,74494,7483,43297,108128,96754,60130,55600
1477:66870,58022,66516,83228,22539,44319,4612,2212,3044,64494
1486:104315,119676,12642,99008,118549,4744,41148,90587,63514,102308
1490:17204,95790,90233,38537,99427,1967,85812,115936,100674,31603
1491:34998,87894,60130,111826,96754,44319,88088,85365,75216,100182
1500:24914,33779,34998,87894,28506,74494,7483,43297,108128,60130
1503:34998,87894,74494,43297,60130,96754,55600,111826,102581,44319
1517:28359,24058,46207,119772,88139,72329,33420,114309,27097,111233
1518:85573,107582,112018,50506,34998,99216,88122,82078,112249,51627
1535:109130,87243,25000,85046,78826,82735,119380,90233,75946,88201
1551:84151,34998,87894,28506,74494,7483,43297,96754,60130,55600
1552:2021,22340,110189,57756,5122,89980,15294,69383,4305,1276
1553:34998,102581,75216,100182,91308,121272,113426,100049,73963,81573
1559:34998,87894,43297,96754,60130,111826,44319,88088,85365,75216
1560:44287,35398,58808,77768,83543,3462,51148,17204,95790,90233
1561:84151,34998,87894,74494,43297,108128,96754,60130,55600,111826
1562:84151,34998,87894,28506,74494,43297,60130,96754,55600,111826
1569:34829,42922,82924,20914,17928,115521,40082,35035,89153,84606
1570:17204,58420,49502,85812,115936,31603,84343,94965,77544,94831
1588:97112,94024,13797,83227,73447,8113,51376,97368,2278,74560
1589:34998,87894,74494,43297,55600,60130,96754,111826,102581,44319
1591:69776,62108
1601:93484,18396,119666,79111,99804,31652,70170,72460,76914,64775
1602:28506,74494,43297,96754,55600,102581,44319,104610,75216,100182
1629:51148,17204,95790,58420,38537,99427,1967,85812,115936,120748
1634:64242,21835,11632,9043,28593,6998,6901,118549,75598,26128
1642:34998,87894,74494,7483,43297,96754,60130,55600,111826,44319
1653:24914,34998,74494,43297,60130,96754,55600,44319,75216,100182
1654:24914,84151,34998,87894,28506,74494,43297,108128,96754,55600
1655:34998,87894,74494,7483,43297,60130,55600,96754,111826,102581
1668:34998,87894,74494,7483,43297,108128,96754,111826,60130,55600
1681:84151,34998,87894,28506,74494,43297,96754,55600,60130,46056
1703:24914,34998,87894,74494,7483,43297,60130,96754,55600,111826
1721:38415,13797,6271,39013,87293,14563,120671,115080,100615,117046
1727:102581,44319,104610,100182,5148,105935,102195,120830,95362,82501
1728:34998,87894,74494,651,48335,60130,111826,96754,102581,44319
1745:64494,113704,58022,38466,103071,44319,73713,104651,71419,7395
1746:34998,74494,44319,100182,91308,121272,54858,73963,81573,105935
1751:34998,87894,28506,60130,111826,96754,102581,44319,88088,85365
1756:34998,87894,43297,60130,55600,111826,44319,88088,85365,75216
1758:17204,90233,41860,58420,29944,111307,1967,117266,85812,115936
1761:48585,38466,42009,10995,64494,37098,27643,52775,93236,93315
1767:24914,34998,87894,28506,74494,43297,108128,96754,55600,60130
1779:65741,8635,37843,67185,93631,103533,1674,93097,86913,56748
1780:1609,119320,32351,68717,120196,1675,35731,21963,29453,10404
1783:34998,74494,7483,43297,96754,102581,44319,100182,91308,94010
1787:24914,34998,87894,28506,74494,7483,43297,108128,96754,60130
1788:66235,23311,59652,1632,96754,102581,62612,74948,13765,82787
1794:66870,66516,83228,44319,88088,112131,3044,64494,98906,22508
1796:24914,84151,34998,87894,74494,43297,96754,60130,55600,111826
1803:87894,108128,55600,102581,44319,104610,75216,100182,121272,94010
1820:59252,112722,63584,21958,44242,41257,15019,38075,121651,110209
1821:113718,58420,1967,85812,15144,112317,104157,96919,84343,94965
1822:44287,91652,83543,10335,17204,90233,111172,58420,38537,99427
1823:34998,87894,28506,74494,7483,43297,108128,60130,96754,55600
1840:24914,84151,34998,87894,28506,74494,43297,96754,60130,55600
1841:43744,15209,94247,22009,123146,85103,33992,37986,110772,39439
1842:34998,87894,74494,96754,102581,100182,105935,113426,120830,116698
1850:34998,74494,43297,55600,44319,75216,91308,121272,113426,105935
1853:35398,83543,3462,51148,17204,85907,58420,38537,1967,77549
1854:34998,87894,28506,74494,7483,43297,108128,96754,60130,55600
1862:24914,84151,34998,87894,28506,74494,43297,96754,60130,55600
1880:28506,43297,55600,102581,44319,121272,54858,94010,105935,82943
1883:24914,84151,34998,87894,28506,74494,43297,96754,55600,60130
1890:34998,87894,43297,60130,111826,44319,88088,85365,75216,100182
1891:44319,81573,105935,103366,67334,92932,61335,13373,83844,72884
1893:66870,66516,83228,22539,5571,44319,88088,4612,112131,3044
1894:66682,44287,35398,58808,91652,105510,35692,83543,3462,118830
1911:111993,109140,1336,15718,12562,11626,26469,3571,47025,2654
1912:105510,113718,83543,51148,95790,90233,58420,38537,1967,85812
1913:34998,108128,44319,100182,121272,105935,73963,103366,67334,92932
1930:45891,91278,81857,77589,114805,47214,105636,66235,7340,59650
1932:121079,35398,58808,48165,17239,48488,73866,105510,22947,3462
1950:24914,84151,34998,87894,28506,74494,7483,43297,108128,96754
1951:74494,94010,75650,50668,66452,95943,25713,13275,19522,123287
1952:34998,87894,74494,43297,108128,96754,102581,44319,75216,100182
2005:24914,34998,87894,74494,7483,43297,96754,55600,60130,119467
2017:58208,107733,11246,44039,123006,101380,47586,23213,13894
2025:2789,1348,17,36742,4500,10071,8231,120,3541,105778
2030:115322,118536,16516,87582,37976,77957,96122,101758,75704,120909
2034:43289,64494,92932,58219,121123,84781,25636,83902,17928,36536
2038:62981,93779,84781,108249,64494,14556,21574,88527,13797,82501
2046:26824,87894,71568,651,100482,18719,116782,76246,62845,27501
2058:83082,52996,121818,105245,48197,20435,16147,84615,55041,92188
2068:87243,119380,90233,75946,47016,7398,87274,87207,93156,119674
2070:34998,87894,43297,60130,55600,111826,44319,88088,85365,75216
2071:24914,84151,34998,87894,28506,74494,43297,60130,55600,96754
2072:34998,87894,43297,60130,55600,111826,96754,44319,88088,85365
2074:80972,58022,71750,44319,64494,98906,71419,57403,75855,38466
2075:24914,34998,87894,28506,74494,43297,96754,55600,119467,60130
2076:
2077:24914,87894,28506,74494,43297,96754,55600,60130,102581,44319
2080:87894,74494,43297,96754,60130,55600,102581,44319,100182,121272
2085:28506,74494,43297,96754,55600,102581,44319,104610,75216,100182
2097:84151,34998,87894,74494,43297,108128,60130,55600,96754,111826
2112:93484,18396,119666,79111,99804,31652,70170,68413,76914,64775
2115:77768,35692,51148,17204,90233,38710,111172,58597,58420,38537
2116:34998,74494,7483,43297,55600,102581,44319,75216,100182,91308
2123:24914,87894,28506,43297,60130,55600,96754,102581,44319,104610
2135:83543,3462,17204,58420,38537,29944,111307,1967,95577,77549
2141:8750,60035,48782,61668,77778,48087,48760,7170,97701,32167
2147:104641,65772,40891,105752,67636,39632,116433,72541,37272,91783
2154:93484,18396,119666,79111,99804,31652,70170,68413,89925,76914
2160:34998,87894,74494,43297,96754,102581,44319,75216,100182,91308
2162:51157,118940,22009,55525,37366,43744,52360,13813,84872,15209
2170:34998,87894,74494,96754,102581,44319,75216,100182,91308,121272
2177:6023,65654,10905,45201,5795,21110,38736,8166,42075,68608
2184:34998,87894,74494,43297,96754,60130,111826,102581,44319,88088
2185:34998,87894,74494,44319,94010,105935,80204,79473,116698,49159
2187:
2211:66516,83228,66682,44319,4612,3044,64494,98906,120483,121272
2223:88754,116043,85812,31426,85666,22533,38537,97760,96068,101978
2243:28506,43297,108128,55600,119467,96754,102581,44319,104610,100182
2244:93484,109834,18396,119666,47149,79111,99804,31652,70170,55829
2247:84151,34998,87894,43297,60130,55600,111826,102581,44319,88088
2250:22533,12508,54210,42713,2875,3307,719,7680,30152,696
2253:88286,115322,118536,16516,123160,87582,88953,37976,77957,67569
2260:
2261:24914,34998,87894,28506,74494,43297,108128,55600,60130,96754
2262:
2290:24914,84151,34998,87894,28506,74494,7483,43297,108128,96754
2291:34998,87894,28506,74494,43297,108128,96754,55600,102581,44319
2293:34998,87894,43297,55600,60130,44319,75216,100182,91308,121272
2301:947,25557,7358,108161,23908,22920,225,78089,93250,51942
2302:10445,17,4364,5169,22583,353,18756,84,31517,4354
2304:51157,118940,55525,37366,43744,13813,84872,52360,24972,15209
2318:24914,34998,87894,28506,74494,43297,108128,96754,60130,55600
2325:34998,87894,43297,55600,119467,60130,111826,102581,44319,88088
2335:24914,84151,34998,87894,74494,43297,108128,55600,96754,46056
2343:22340,38237,21567,73935,61599,13519,106917,52477,34183,28863
2346:118536,16516,77957,67669,68693,109907,82004,44287,82924,56217
2347:87351,109758,86310,7728,24792,67674,95841,115352,35262,58282
2348:24914,34998,28506,74494,43297,96754,60130,55600,102581,44319
2362:
2363:34998,87894,74494,43297,96754,102581,44319,100182,105935,113426
2364:34998,87894,74494,43297,60130,96754,55600,111826,102581,44319
2369:44287,105510,3462,95790,38537,1967,85812,85305,32716,15144
2373:44287,105510,77768,3462,51148,90233,38710,38537,1967,95577
2381:34998,74494,96754,102581,104610,100182,121272,73963,80204,105935
2382:66516,83228,5571,44319,88088,3044,64494,98906,121272,22508
2384:58808,83543,18614,38537,85305,15144,102657,104157,40950,113601
2385:83543,90233,58420,111307,1967,77549,85812,115936,31603,100674
2392:
2393:15901,93484,18396,119666,79111,99804,31652,70170,76914,108197
2394:87243,25000,85046,78826,82735,119380,90233,75946,87207,93156
2395:44287,83543,10335,51148,17204,87277,90233,38710,85907,58420
2399:100110,74650,113733,84035,15503,80972,66870,113328,93092,37924
2405:34998,87894,28506,74494,43297,96754,119467,55600,102581,44319
2407:69718,87928,49253,61147,41954,8605,38537,35398,58808,52089
2408:34998,87894,60130,111826,44319,88088,85365,75216,100182,91308
2419:6503,1127,947,3855,718,1348,17,117559,65968,4589
2429:49081,50037,88273,37902,68072,71988,73373,30913,75257,43694
2447:34998,87894,74494,43297,108128,651,48335,96754,60130,111826
2452:24481,95533,20575,25216,12832,77590,2282,35268,19376,27927
2453:429,23740,1499,925,596,302,1551,193,50572,16642
2454:93484,43467,18396,119666,79111,99804,31652,70170,76914,64775
2456:34998,87894,74494,651,96754,102581,44319,100182,121272,94010
2461:24914,84151,34998,87894,28506,74494,7483,43297,108128,96754
2464:34998,87894,28506,43297,108128,60130,55600,119467,111826,96754
2465:34998,87894,74494,96754,60130,55600,111826,102581,44319,88088
2469:24914,34998,87894,28506,74494,96754,111826,60130,55600,102581
2489:118940,55525,37366,43744,13813,84872,52360,15209,24972,119524
2491:2319
2499:45205,76667,23859,34613,36194,19366,48201,75422,31081,82539
2500:34998,87894,28506,74494,60130,119467,55600,111826,96754,102581
2501:44319,67334,61335,40971,9825,38786,75086,75650,18698,98561
2505:34998,87894,43297,96754,60130,55600,102581,44319,75216,100182
2510:68344,51157,116043,73943,42933,64153,82722,85666,57208,41529
2515:85046,82735,75946,88201,93156,60281,26018,109655,4744,35020
2518:121079,35398,58808,48165,17239,48488,73866,105510,3462,51148
2520:66870,58022,66516,83228,44319,88088,4612,112131,2212,64494
2521:34998,87894,28506,43297,60130,111826,102581,44319,88088,85365
2524:34998,6503,67334,1127,9846,13645,44319,947,61335,8113
2536:66870,66516,83228,44319,88088,4612,112131,3044,64494,98906
2541:84151,34998,87894,74494,7483,43297,108128,60130,96754,55600
2547:43297,60130,55600,102581,44319,100182,113426,120830,5148,105935
2553:82341,77734,35643,63686,85779,40803,2719,81086,109093,54440
2558:115959,93484,109834,18396,119666,47149,79111,99804,31652,70170
2560:66870,66516,83228,22539,44319,88088,4612,112131,3044,64494
2563:34998,87894,74494,43297,108128,96754,60130,55600,111826,102581
2573:34998,87894,74494,43297,108128,96754,60130,111826,102581,44319
2591:83543,39574,58420,111307,1967,23952,37694,75865,31603,112317
2596:87894,43297,60130,55600,44319,100182,121272,54858,105935,100049
2597:3819,41251,115322,3137,24527,26109,15529,16763,4270,118536
2601:66870,66516,83228,5571,53112,36934,44319,78574,64494,71419
2604:58420,99427,29944,84525,111307,1967,95577,85812,101472,31603
2611:34998,87894,28506,74494,60130,111826,119467,46056,55600,44319
2612:24914,34998,87894,74494,7483,43297,108128,96754,60130,55600
2615:34998,87894,74494,43297,96754,60130,55600,111826,102581,44319
2625:28506,96754,44319,100182,36297,105935,26660,107934,116698,118915
2626:34998,87894,74494,7483,43297,108128,60130,96754,55600,111826
2634:107582,31034,113638,110307,109754,14235,112249,88731,79311,40664
2636:34998,87894,43297,96754,60130,55600,111826,102581,44319,88088
2639:55600,104610,121272,51600,113426,73963,36297,116698,79473,49159
2650:92071,93236,108175,115359,17731,71925,101730,35438,89820,84689
2661:116698,71419,29237,90466,98737,69032,65000,94038,92932,83227
2663:119467,55600,44319,104610,75216,100182,61741,121272,94010,52802
2666:83543,58597,58420,111307,1967,115936,13788,85305,15144,31603
2676:34998,100182,91308,21134,77165,113426,105935,100049,81573,80204
2689:44287,83543,17204,90233,38710,58420,38537,99427,111307,1967
2693:13799,116994,55711,59400,65457,120421,29772,118736,3419,34862
2708:24914,84151,34998,87894,28506,74494,43297,96754,60130,55600
2709:51148,17204,58420,38537,99427,29944,1967,85812,115936,75865
2713:34998,43297,55600,96754,44319,75216,100182,94010,113426,105935
2715:44319,88088,4612,112131,64494,98906,22508,111871,85365,38466
2716:2523,10901,89153,76547,98937,5694,52469,82330,6263,74135
2727:34998,87894,74494,7483,60130,96754,111826,102581,44319,88088
2730:24914,34998,87894,74494,55600,119467,46056,96754,102581,44319
2731:34998,87894,28506,74494,43297,108128,96754,60130,111826,102581
2734:13645,69032,16524,18568,9846,40341,67397,47090,8113,79931
2735:60130,96370,96754,55600,98906,77993,107697,17812,70170,28171
2737:34998,44319,94010,80204,107049,109798,95362,91291,9825,91554
2745:110253,112980,45664,10643,115241,25804,86863,81588,94789,91025
2746:9043,3176,6901,4093,10236,37767,2829,30708,14637,22569
2748:13645,123185,36934,47090,9846,37179,50824,59359,16524,118135
2756:34998,87894,651,48335,60130,111826,44319,88088,85365,75216
2760:34998,87894,74494,43297,96754,60130,111826,102581,44319,88088
2776:
2799:85812,96919,45006,111152,25381,18170,69304,7659,79331,77951
2802:34998,87894,651,48335,60130,111826,44319,88088,85365,75216
2803:2595,97817,94755,2074,14237,88529,33572,19829,11718,670
2804:74494,55600,44319,100182,94010,113426,100049,36297,120830,116698
2805:6503,55570,1348,17,4160,908,353,5927,1276,31686
2812:24914,34998,87894,28506,74494,43297,60130,55600,96754,111826
2815:24450,39999,50263,57282,66694,24112,78335,115341,32748,2318
2827:112708,22947,83543,17204,58597,58420,38537,77549,85812,37694
2831:34998,87894,28506,74494,108128,60130,111826,96754,102581,44319
2846:10488,52857,36876,62902,93432,41954,112024,100182,75216,7035
2848:87894,43297,108128,96754,102581,44319,100182,91308,121272,54858
2853:75173,69173,18850,83814,13735,1081,29458,1867,12631,68624
2854:34998,87894,43297,60130,55600,119467,111826,96754,102581,44319
2857:105935,107934,70019,20028,77939,49066,45296,100398,60843,102171
2858:34998,87894,74494,43297,96754,55600,60130,102581,44319,75216
2861:65016,73679,63171,111993,27643,84337,79569,99376,99575,66741
2871:101130,100457,58025,24104,92151,51951,27997,65475,93484,38075
2907:34998,87894,60130,111826,96754,44319,88088,85365,104610,75216
2912:94997,38925,64494,106675,66336,113429,113255,56217,105470,50319
2914:66516,83228,44319,88088,112131,3044,64494,98906,121272,22508
2924:55549,85103,116043,68953,49693,26603,101888,95780,51305,103128
2925:64494,111871,69304,66235,37986,120793,22009,119301,53372,57057
2947:577,90863,29331,74456,107284,5875,46125,101699,113092,89557
2951:17,109448,90287,120,3541,45,1001,285,25330,11919
2959:34998,113426,34418,7057,53070,61335,4311,13797,112048,39013
2960:108128,60130,119467,46056,55600,111826,96754,102581,44319,104610
2963:66516,83228,44319,64494,71419,38466,91308,100182,24666,116698
2965:6097,135,18240,650,29475,698,564,984,3789,5557
2967:105510,83543,3462,118830,51148,95790,87277,90233,116797,38710
2970:60130,46056,119467,55600,90671,111826,96754,102581,52966,44319
2977:70170,72460,111540,22479,95339,73060,38096,34057,47436,32881
2981:93484,47149,99804,31652,70170,63567,72460,64775,113493,98756
2989:60130,96754,102581,44319,104610,100182,121272,54858,94010,113426
2990:65016,93358,70090,48515,36655,100314,59355,6928,66741,91262
3002:
3004:52360,15209,24972,94247,22009,123146,85103,33992,37986,39439
3011:7471,2807,5465,1164,15928,3755,123142,5517,38342,54846
3013:115959,101130,93484,109834,18396,119666,79111,99804,31652,70170
3037:
3038:79473,49159,651,75745,91291,120713,36155,47404,13797,105204
3044:34998,87894,43297,108128,60130,111826,102581,44319,88088,85365
3070:85046,75946,62470,88201,93156,26018,109655,104315,12642,119676
3081:51157,62568,37986,57756,67040,36611,85812,50500,32581,72275
3100:34998,87894,74494,7483,43297,96754,60130,111826,102581,44319
3102:24450,39999,50263,57282,66694,78335,24112,49650,115341,32748
3105:74494,44319,100182,94010,113426,103366,36297,116698,71419,24666
3107:88286,115322,118536,16516,87582,37976,77957,75704,96122,120909
3110:123160,88953,87582,37976,63699,87746,17061,89043,8750,18713
3111:34998,87894,60130,111826,44319,88088,85365,75216,100182,91308
3113:38466,63567,34998,61335,16323,117838,95653,86012,15451,43047
3121:24914,84151,34998,87894,28506,74494,43297,108128,96754,55600
3125:34998,74494,60130,55600,44319,104610,75216,100182,121272,81573
3126:
3129:34998,87894,28506,74494,43297,108128,96754,55600,60130,111826
3139:38537,83543,42640,39647,76082,116583,50661,122279,31603,47546
3144:51157,84872,94247,22009,53188,85103,88754,37986,110772,64593
3152:44319,88088,112131,2212,3044,64494,98906,121272,22508,71419
3166:
3167:35398,58808,17239,3462,51148,17204,95790,38710,111172,58597
3169:24914,34998,87894,28506,74494,43297,60130,96754,119467,55600
3170:74494,96754,44319,75216,100182,80204,100049,105935,61335,9825
3172:96919,94965,48098,45205,99645,107685,102184,101906,7659,79331
3176:34998,87894,28506,74494,96754,60130,111826,102581,44319,88088
3183:87243,82735,119380,90233,75946,62470,93156,60281,74983,109655
3184:42933,73943,22086,27166,50723,63990,24450,8784,118789,90779
3193:24914,34998,87894,74494,7483,108128,96754,60130,55600,111826
3195:119467,55600,102581,44319,104610,75216,100182,61741,121272,94010
3220:34998,87894,74494,43297,96754,60130,55600,111826,102581,44319
3229:44319,3044,121272,38466,100182,69558,73778,97292,4311,78949
3234:34998,87894,28506,43297,60130,55600,111826,44319,88088,85365
3237:104201,38702,104025,94914,57945,26095,56632,24374,28760,9915
3238:85573,107582,112018,112249,51627,75229,49045,104879,113671,107986
3239:34998,87894,74494,96754,102581,44319,75216,100182,121272,113426
3246:65016,73679,76538,103538,55978,63171,62674,111993,90816,27643
3258:24914,34998,87894,74494,43297,96754,55600,102581,44319,104610
3263:115322,118536,37976,77957,96122,75704,120909,63699,111768,64670
3264:
3277:58808,83543,25212,51148,17204,18614,38537,52088,94831,107751
3279:24914,84151,55600,102581,44319,88088,85365,104610,100182,22508
3295:121079,35398,48165,58808,17239,48488,73866,95790,111172,58597
3305:105510,3462,95790,32716,100685,56217,76082,83231,18170,35319
3306:25000,12642,99008,118549,63514,70723,108609,31124,9415,26128
3308:79473,49159,651,102581,94010,113426,105935,36297,116698,71419
3309:24914,84151,34998,87894,28506,74494,7483,43297,96754,60130
3319:
3320:78494,91278,81857,77589,114805,47214,105636,7340,59650,38537
3328:34998,87894,28506,74494,108128,60130,96754,111826,102581,44319
3329:85812,94170,4610,79988,23311,36655,58078,27575,45161,23105
3335:34998,87894,74494,7483,60130,111826,96754,102581,44319,88088
3346:22539,44319,2212,64494,98906,121272,57403,71419,79070,91308
3352:44319,100182,54858,94010,113426,36297,101082,105935,26660,116698
3353:58022,66516,83228,88088,4612,2212,64494,98906,22508,79070
3360:34998,87894,28506,74494,119467,60130,55600,111826,96754,102581
3374:58420,111307,46799,84343,94965,45205,86615,6747,9991,54172
3376:115322,84403,118536,37976,77957,96122,75704,120909,111768,64670
3383:60130,55600,44319,80204,38415,95362,44865,49066,121136,21436
3386:43297,60130,44319,100182,120830,20028,100725,76176,79372,96878
3411:28506,102581,44319,104610,91308,121272,73963,105935,116698,79473
3412:56533,76480,104247,28790,86514,71593,63481,68683,88275,72467
3413:69304,58691,108175,113350,105183,48759,108888,43289,29646,121624
3416:44242,46775,12148,55493,121651,15019,27138,3307,24431,96370
3419:66516,83228,95955,44319,88088,4612,112131,3044,64494,98906
3421:24914,34998,87894,74494,43297,96754,60130,55600,102581,44319
3423:36155,6503,1127,96754,9846,13645,44319,947,75216,100182
3426:87894,44319,100182,121272,54858,113426,73963,120830,116698,71419
3428:84151,34998,74494,43297,108128,55600,102581,44319,88088,85365
3429:24914,34998,87894,74494,43297,108128,96754,60130,111826,102581
3431:3225,88768,1730,2139,80576,47290,34500,76,683
3432:84151,651,102581,88088,85365,22508,105935,77165,39314,35746
3450:75946,109655,35020,122617,77348,67854,17638,52610,25378,42950
3453:118940,22009,55525,37366,43744,13813,84872,24972,15209,119524
3475:74494,105935,79473,49159,72884,75086,49066,46096,103055,66377
3478:24914,84151,34998,87894,28506,74494,43297,96754,55600,60130
3479:60281,74983,99008,17638,89114,37103,102308,106148,13042,115458
3480:34998,43297,96754,44319,100182,121272,113426,81573,73963,82943
3490:44287,99696,35398,58808,91652,73866,105510,77768,83543,10335
3500:84151,34998,87894,43297,96754,60130,111826,46056,102581,44319
3514:84151,34998,87894,74494,7483,43297,60130,96754,111826,102581
3529:
3546:74494,44319,100182,94010,113426,116698,71419,24666,92932,35746
3547:34998,87894,43297,108128,79473,49159,651,48335,60130,96754
3551:55549,49693,26603,101888,51305,95780,103128,73286,89571,37932
3557:118940,108295,55525,37366,43744,84872,13813,52360,15209,24972
3572:54245,24627,31775,56825,87374,110194,81034,60680,29630,3360
3579:34998,87894,74494,60130,96754,55600,102581,44319,75216,100182
3580:98906,111871,100182,66235,23311,97292,93794,119301,641,52857
3593:66516,83228,44319,88088,4612,112131,64494,98906,121272,22508
3599:73866,35692,51148,17204,116797,111172,29944,1967,85812,115936
3609:34998,87894,28506,74494,43297,60130,96754,44319,100182,121272
3610:44287,35398,58808,17239,105510,77768,83543,10335,3462,51148
3613:87243,37103,13042,33971,51148,25450,41575,17578,36985,46365
3628:6503,1127,13645,9846,44319,947,61335,8113,10445,19295
3656:85573,107582,70760,112018,17329,113638,76962,17496,34998,105159
3657:24914,34998,87894,74494,96754,102581,44319,100182,121272,116698
3663:34998,87894,28506,74494,43297,96754,60130,55600,111826,102581
3674:24914,34998,87894,28506,74494,43297,96754,60130,111826,102581
3684:6901,10236,698,6457,5398,3704,33031,80992,3460,88545
3685:44287,35398,58808,17239,73866,105510,95790,111172,58597,18614
3686:106624,63779,26312,46469,33700,15417,5590,15499,5744,15156
3692:43297,96754,44319,75216,91308,121272,105935,73963,82943,80204
3694:24914,87894,43297,60130,44319,100182,81573,120830,50752,20028
3701:24914,34998,87894,43297,60130,55600,111826,96754,44319,88088
3702:79473,49159,95362,91291,54399,20028,34258,120713,36155,13797
3717:100110,74650,113733,84035,15503,80972,66870,113328,93092,37924
3721:34998,87894,74494,43297,108128,60130,96754,55600,111826,102581
3728:109130,87243,96975,74983,109655,12642,122617,77348,34845,42950
3735:24914,34998,87894,74494,43297,108128,96754,60130,55600,111826
3736:24914,84151,34998,87894,74494,43297,96754,55600,60130,111826
3737:84151,34998,87894,651,48335,60130,111826,102581,44319,88088
3751:77768,83543,10335,17204,90233,38710,58420,111307,1967,85812
3752:34998,74494,96754,102581,44319,100182,91308,113426,100049,105935
3800:84151,34998,87894,28506,74494,43297,108128,60130,55600,96754
3811:65016,63171,73679,76538,103538,55978,62674,111993,90816,27643
3820:24914,34998,87894,74494,43297,96754,60130,55600,102581,44319
3840:34998,87894,28506,60130,55600,111826,96754,102581,44319,88088
3846:84151,34998,87894,74494,43297,96754,60130,46056,119467,55600
3849:34998,87894,74494,108128,60130,55600,96754,111826,102581,44319
3850:34998,87894,43297,108128,60130,55600,111826,96754,102581,44319
3857:34998,87894,651,48335,60130,55600,111826,102581,44319,88088
3859:34998,87894,74494,108128,96754,102581,44319,100182,91308,121272
3862:60130,96754,44319,100182,121272,94010,113426,36297,73963,101082
3888:85573,107582,70760,112018,17329,113638,110307,96600,88122,82078
3911:58420,115936,15144,10615,31603,100674,112317,50537,13799,104157
3921:95955,10488,52857,36876,62902,93432,41954,100182,64494,85812
3929:84151,34998,87894,28506,60130,111826,96754,102581,44319,88088
3930:34998,87894,74494,96754,119467,55600,102581,44319,100182,91308
3934:31149,71178,33373,34710,25817,120727,29058,115001,32473,87844
3947:84151,34998,87894,43297,55600,60130,119467,111826,96754,102581
3950:24914,84151,34998,87894,74494,7483,43297,108128,60130,96754
3962:15503,80972,66870,66516,83228,95955,24573,44319,4612,3044
3974:49066,61227,60843,122628,90544,102171,13914,79896,107861,28121
3975:34998,87894,74494,43297,60130,44319,100182,91308,94010,120830
3988:16516,4612,37976,77957,109442,75704,119449,86689,38466,17061
4001:
4006:87894,44319,121272,73963,81573,77165,12789,39447,95362,117559
4007:29944,23952,107751,107685,71710,79331,36934,43507,91278,116476
4008:58022,66516,83228,44319,3044,64494,71419,11306,104610,104651
4009:87243,119380,62470,60281,26018,109655,12642,104695,122617,110980
4028:113718,29944,85812,16065,56217,86615,74095,9991,102184,113664
4031:36934,78274,96754,44319,75216,100182,100049,105935,80204,40388
4035:44319,105935,36297,77165,61335,14383,105702,45296,76844,108348
4053:24914,34998,28506,74494,55600,96754,44319,75216,100182,91308
4064:34998,87894,74494,43297,96754,60130,111826,102581,44319,88088
4067:77768,83543,17204,95790,90233,38710,58420,38537,99427,29944
4068:61335,38786,83725,68662,91650,75650,13797,63130,10353,73447
4069:100110,74650,113733,84035,15503,80972,66870,113328,93092,37924
4075:
4076:61673,58261,44898,14585,38434,66287,62759,3548,74249,31453
4084:87894,74494,43297,79473,49159,651,96754,102581,44319,75216
4091:87894,74494,43297,108128,96754,55600,60130,102581,44319,104610
4098:1127,2789,1348,94649,398,83236,322,79901,34379,94633
4103:24914,34998,87894,43297,60130,111826,44319,88088,85365,75216
4104:34998,87894,43297,60130,111826,44319,88088,85365,75216,100182
4124:118201,18168,54757,123146,24972,37986,78335,60693,116043,32061
4132:66870,66516,83228,44319,88088,4612,112131,64494,98906,121272
4134:51031,24038,14394,32228,79911,325,12084,29007,39380,26709
4138:96754,102581,44319,75216,100182,121272,54858,94010,103366,113426
4140:68344,22009,24972,39999,57282,66694,88754,37986,78335,26451
4149:
4158:51157,52360,24972,119524,94247,22009,123146,85103,94605,88754
4164:28506,102581,44319,104610,75216,100182,91308,121272,54858,94010
4167:55600,104610,75216,91308,121272,51600,116698,113426,73963,36297
4171:26824,28506,71568,102763,25662,100482,111964,17185,62845,57773
4177:24914,34998,74494,102581,100182,91308,54858,94010,113426,100049
4179:24914,107582,70760,17329,76962,105159,34998,23703,67865,96600
4184:24914,34998,87894,28506,74494,43297,96754,60130,111826,102581
4190:101661,50302,59048,123292,11375,116698,71419,17185,7397,88433
4209:3361,14500,42075,88331,100327,83954,32789,38904,19715,61418
4210:35398,58420,111307,1967,31603,88873,74178,115789,48098,51528
4211:88132,43926,91309,28789,108608,4600,100732
4213:84151,34998,87894,28506,74494,43297,108128,60130,96754,55600
4223:
4237:34998,87894,43297,60130,55600,111826,44319,88088,85365,75216
4242:34998,87894,74494,43297,108128,60130,96754,55600,111826,46056
4248:81471,86884,53372,61646,13082,81123,86910,2075,86333,83762
4249:51157,84872,24972,22009,123146,85103,94605,93484,116043,26451
4265:25381,65203,76667,30872,70775,23859,122554,98711,31081,26450
4269:24914,84151,34998,87894,28506,74494,43297,96754,55600,60130
4273:109130,87243,25000,78826,82735,119380,90233,119674,60281,74983
4275:34998,87894,43297,108128,96754,55600,102581,44319,104610,75216
4277:34998,87894,74494,108128,60130,96754,55600,102581,44319,75216
4281:34998,74494,43297,96754,60130,102581,44319,100182,91308,121272
4301:24914,34998,87894,28506,74494,43297,96754,60130,55600,102581
4303:84151,87894,43297,60130,55600,96754,102581,44319,88088,85365
4304:24914,84151,34998,87894,74494,7483,43297,96754,60130,111826
4344:34998,74494,44319,104610,100182,54858,94010,113426,105935,116698
4353:102581,104610,121272,73963,105935,88450,108859,49066,34258,46096
4357:35398,91652,105510,17204,73131,111172,58420,38537,99427,1967
4365:115352,15209,24972,22009,123146,57756,78336,116043,26451,35262
4371:58022,66516,83228,71750,44319,64494,71419,11306,85573,38466
4372:34998,87894,60130,55600,111826,96754,44319,88088,85365,75216
4399:24914,34998,87894,74494,43297,96754,60130,55600,119467,102581
4400:84151,87894,43297,102581,44319,88088,85365,75216,100182,121272
4407:34998,87894,74494,96754,60130,55600,111826,102581,44319,88088
4424:29660,46978,106150,88527,83937,14347,92314,34858,14771,65855
4426:50294,6650,85105,12906,93635,72766,103447,88651,51477,10563
4436:58022,43289,66516,83228,5571,71750,4612,2212,64494,121272
4453:33420,88754,95577,37794,49208,4273,56396,84163,58407,69759
4457:34998,43297,96754,55600,46056,111826,44319,104610,75216,100182
4458:96754,20028,110027,36155,41829,13797,31432,14928,83227,105778
4466:34998,87894,74494,43297,60130,96754,102581,44319,104610,75216
4469:34998,87894,74494,7483,43297,96754,102581,44319,75216,100182
4482:84151,34998,87894,74494,108128,96754,102581,44319,88088,85365
4507:24914,34998,87894,43297,60130,55600,111826,44319,88088,85365
4514:87243,25000,82735,119380,90233,75946,62470,7398,93364,93156
4517:24914,84151,34998,87894,28506,74494,43297,60130,55600,96754
4519:1348,17,1119,48,10415,3223,616,289,1357,4275
4522:65016,63171,109140,1336,84337,70090,15689,79569,11336,70613
4530:84151,87894,28506,74494,102581,44319,88088,85365,100182,121272
4537:59652,70170,100457,37039,93455,45510,41257,58456,28729,107542
4543:87243,119380,75946,60281,12642,110980,90667,77951,25378,90587
4562:84151,43297,96754,55600,102581,44319,88088,85365,104610,75216
4578:34998,87894,74494,43297,96754,102581,44319,104610,100182,121272
4588:24914,34998,74494,96754,102581,44319,100182,113426,100049,5148
4618:28506,96754,55600,44319,104610,75216,100182,91308,121272,94010
4633:64503,101124,62686,33992,100082,88488,105332,33290,37028,46941
4637:111694,106663,103447,88651,86608,69653,106018,51477,93635,10563
4640:34998,87894,74494,43297,96754,60130,55600,111826,102581,44319
4641:93484,18396,119666,79111,99804,31652,70170,68413,76914,64775
4642:34998,87894,28506,43297,60130,55600,111826,96754,102581,44319
4651:34998,74494,96754,44319,91308,121272,73963,105935,80204,50752
4665:24914,84151,34998,87894,28506,74494,108128,60130,96754,111826
4666:4479
4682:28593,6998,11632,9394,19753,34196,22801,2388,45782,494
4687:34998,87894,74494,651,48335,60130,96754,111826,102581,44319
4692:47149,99804,70170,72460,113493,98756,24356,111540,22479,107267
4696:
4702:46398,114725,110305,13617,76804,60501,22623,5139,103227,118807
4730:34998,87894,28506,74494,55600,60130,111826,96754,44319,88088
4736:34998,87894,43297,55600,60130,96754,111826,102581,44319,88088
4745:24914,84151,34998,87894,28506,74494,43297,108128,96754,60130
4749:84151,43297,55600,102581,88088,85365,104610,100182,121272,22508
4751:8167,25910,12332,3126,367,3477,57974,14841,70,81
4760:83543,38537,94831,56217,102221,33827,13389,24521,61504,121737
4762:34998,87894,74494,44319,94010,81573,120830,100049,105935,36297
4767:85046,75946,88201,93156,26018,109655,4744,35020,122617,77348
4774:34998,87894,74494,43297,60130,55600,96754,111826,102581,44319
4779:34998,87894,43297,60130,55600,44319,91308,61741,54858,105935
4788:84151,34998,87894,43297,60130,55600,111826,102581,44319,88088
4789:
4794:34998,87894,60130,111826,44319,88088,85365,75216,100182,91308
4796:77993,73131,36400,19489,116797,14403,38537,105330,11856,47457
4797:24914,84151,34998,87894,28506,74494,7483,43297,108128,60130
4802:34998,87894,74494,7483,79473,49159,651,48335,60130,55600
4816:44319,7290,92677,41829,89592,94009,35746,61335,102263,108165
4831:34998,87894,108128,651,48335,60130,111826,96754,102581,44319
4834:34998,87894,43297,55600,96754,60130,102581,44319,104610,75216
4852:115322,118536,87582,37976,77957,96122,75704,120909,111768,64670
4863:24914,43297,96754,102581,44319,75216,100182,91308,94010,51600
4870:44319,100182,121272,73963,67334,92932,61335,95362,82501,117559
4875:34998,87894,108128,60130,96754,111826,102581,44319,88088,85365
4889:84151,34998,87894,74494,60130,96754,55600,111826,102581,44319
4894:35398,58808,51148,17204,95790,86836,111172,18614,58597,29691
4898:
4910:34998,87894,74494,60130,55600,111826,96754,44319,88088,85365
4919:87894,28506,108128,96754,102581,44319,75216,100182,91308,121272
4926:34998,87894,60130,111826,102581,44319,88088,85365,104610,75216
4934:73131,77993,36400,19489,116797,14403,38537,95577,85812,96919
4935:96754,108239,17184,35746,87293,52779,115178,92714,68176,93407
4944:101529,101661,50302,59048,68579,123292,11375,17185,7397,88433
4946:59652,31205,60130,90671,46056,111826,119467,96754,55600,102581
4949:73131,37913,36655,93779,34613,32185,34562,64765,76914,69890
4951:22009,37986,68953,49253,17928,63716,24450,117623,71419,76146
4956:35398,58808,17239,48488,105510,83543,3462,51148,17204,95790
4961:14040,54783,23178,36934,33346,78274,69039,95865,27699,29714
4984:4826,11108,2665,25826,1318,205,302,616,29,2618
4986:65016,104921,84337,1336,79569,34998,93358,66741,65542,92043
4991:
4992:43297,96754,75216,121272,54858,73963,103366,80204,120830,116698
4998:34998,28506,74494,96754,102581,44319,100182,91308,121272,94010
5001:24914,34998,87894,28506,122967,74494,33482,43297,96754,60130
5002:26824,87894,71568,651,100482,62845,57773,106624,63779,122004
5006:91652,73866,83543,3462,90233,58420,38537,1967,85812,115936
5007:96754,13765,82787,120651,108310,24104,97760,62981,6023,93794
5011:3548,385,115725,3878,18170,12218,117347,3159,20288,65579
5015:6503,67334,1127,13645,9846,947,92932,61335,54858,8113
5018:66870,43289,66516,83228,22539,44319,88088,4612,112131,3044
5031:24914,34998,87894,74494,43297,60130,55600,111826,44319,88088
5039:37986,86065,99162,41937,4416,72368,5122,12997,25579,69191
5040:87894,43297,60130,55600,96754,44319,75216,100182,91308,121272
5047:79473,49159,96754,116698,21134,103366,71419,67334,92932,61335
5048:38537,58420,56217,25381,120748,72058,99315,9991,47546,107915
5079:34998,87894,74494,108128,96754,60130,111826,102581,44319,88088
5086:109130,115322,84403,24267,118536,16516,87582,37976,77957,96122
5088:43297,105935,80204,39314,13373,37749,75086,84532,79372,96878
5089:105935,107934,70019,20028,77939,45296,100398,58110,41829,94024
5090:26824,55024,121610,41570,106624,50302,63779,59048,105608,38537
5097:71137,75086,110027,100197,36155,100269,113327,24758,8204,44533
5107:96754,44319,104610,100182,121272,77165,21134,116698,118915,73963
5108:95790,38537,95577,85812,31603,100685,56217,86615,76082,107685
5119:34998,87894,43297,60130,55600,111826,96754,44319,88088,85365
5120:95362,117559,75086,76176,68662,91650,67883,100269,92932,24758
5129:51157,22009,123146,85103,37986,39439,116043,85812,94334,78335
5147:34998,87894,74494,43297,60130,111826,96754,102581,44319,88088
5148:
5176:43297,108128,55600,96754,102581,44319,100182,121272,54858,94010
5180:100457,41257,28729,80984,10176,50864,37767,21574,107897,109543
5188:93484,43467,18396,119666,79111,99804,31652,70170,76914,64775
5202:
5207:105935,116698,71419,87371,91554,11267,14383,78857,119278,77939
5208:34998,87894,28506,74494,43297,96754,60130,55600,102581,44319
5214:99427,1967,25381,76082,40612,101472,36246,64094,94831,12467
5217:651,96754,102581,44319,100182,121272,73963,61335,50752,70019
5247:102581,121272,113426,73963,120830,79473,49159,24666,38415,50752
5271:31717,26018,104695,96808,111373,101372,75023,3462,31661,90054
5276:70518,44516,11579,59696,3855,78873,34634,2266,409,2947
5279:84151,34998,87894,28506,74494,60130,55600,96754,102581,44319
5288:34998,87894,60130,111826,44319,88088,85365,75216,100182,91308
5294:24914,34998,74494,7483,60130,96754,55600,102581,44319,104610
5299:84151,34998,87894,43297,96754,60130,111826,102581,44319,88088
5300:24914,87894,28506,74494,55600,96754,102581,44319,104610,75216
5306:75946,60281,98596,115458,17204,9860,30734,11957,6747,16182
5307:
5309:34998,43297,55600,60130,102581,44319,100182,91308,61741,121272
5323:9846,3855,17,92580,3584,29242,4820,285,109592,1276
5325:100151,43037,101403,62270,70166,62979,38322,68501,18325,37315
5329:26824,79951,102763,55013,71568,100482,116782,76246,62845,27501
5335:34998,87894,651,48335,60130,55600,111826,44319,88088,85365
5358:79473,49159,36155,6503,1127,13645,9846,947,104610,92932
5361:87894,74494,43297,96754,55600,102581,44319,100182,91308,61741
5364:87243,85046,119380,44547,75946,62470,88201,93156,60281,26018
5378:24914,34998,87894,28506,74494,43297,108128,60130,55600,96754
5385:24914,34998,87894,28506,74494,60130,96754,55600,111826,102581
5387:34998,87894,28506,74494,43297,96754,60130,55600,102581,44319
5397:24914,34998,87894,28506,74494,43297,96754,60130,55600,111826
5398:36742,107295,31603,70518,19813,50170,71421,9846,7027,2278
5403:34998,87894,74494,43297,96754,60130,55600,111826,102581,44319
5425:35398,83543,58420,111307,1967,115936,75865,31603,15144,101472
5433:34998,87894,108128,651,48335,60130,55600,111826,96754,102581
5434:87243,87207,119674,60281,45722,96808,106148,115458,3462,51148
5435:34998,87894,43297,55600,60130,96754,102581,44319,75216,100182
5436:24914,34998,87894,28506,60130,55600,119467,111826,102581,44319
5438:34998,87894,74494,43297,60130,55600,111826,96754,44319,88088
5449:35692,17204,111172,29944,85812,115936,13788,107915,84343,102836
5455:34998,74494,43297,96754,55600,44319,104610,75216,100182,91308
5456:70170,98756,53435,97904,110728,33773,79105,34842,34057,11130
5458:79871,53435,97904,106065,32929,64655,97474,106693,53926,48179
5462:24914,34998,87894,28506,60130,55600,119467,111826,44319,88088
5472:115322,84403,118536,4612,37976,77957,120909,96122,75704,64670
5474:93484,18396,119666,47149,79111,99804,31652,70170,63567,72460
5477:95313,120651,49253,113255,27997,121651,38075,15019,103097,23306
5478:26262,62470,73973,24120,37098,41360,17204,97496,84689,42190
5479:38466,36502,54210,48530,37098,2875,14622,63990,38246,66107
5480:93484,18396,119666,47149,79111,99804,31652,70170,76914,64775
5499:115322,84403,118536,37976,77957,75704,101758,96122,120909,119449
5500:16211,84530,90787,99656,119978,52778,54464,112645,49627,111688
5502:53070,58110,71533,68219,31102,42732,19813,108936,19550,9846
5512:28506,74494,43297,96754,44319,104610,75216,100182,91308,121272
5527:34998,87894,651,48335,60130,111826,44319,88088,85365,75216
5529:
5530:34998,87894,74494,96754,55600,44319,100182,91308,121272,94010
5535:28506,96754,102581,44319,75216,100182,54858,105935,100049,103366
5536:82798,66235,31788,24758,16375,34450,38284,66873,81192,60376
5542:34998,87894,74494,43297,96754,55600,102581,44319,104610,100182
5551:84151,34998,87894,60130,111826,102581,44319,88088,85365,75216
5562:34998,87894,74494,96754,102581,100182,116698,113426,105935,36297
5580:34998,87894,74494,43297,108128,60130,96754,55600,111826,102581
5584:48391,85057,94296,61753,60321,119834,43914,16360,88903,31356
5601:24914,34998,87894,74494,43297,108128,60130,96754,111826,102581
5611:34998,87894,43297,108128,96754,60130,55600,111826,102581,44319
5632:34998,87894,28506,74494,7483,43297,108128,96754,55600,60130
5640:8231,2829,6747,1730,46949,2646,8384,2266,45,3534
5644:65016,113418,79314,51287,35095,34946,27698,103538,54917,111993
5645:51148,17204,38710,85812,100674,86615,6747,99